0.000000000000000000e+00 1.459999999999999432e+01 4.000000000000000083e-02 1.500000000000000000e+01 1.539999999999999147e+01
5.010020040080160584e+02 1.459999999999999432e+01 4.000000000000000083e-02 1.500000000000000000e+01 1.539999999999999147e+01
1.002004008016032117e+03 1.459999999999999432e+01 -1.199999999999999956e-01 1.500000000000000000e+01 1.539999999999999147e+01
1.503006012024048232e+03 1.459999999999999432e+01 4.000000000000000083e-02 1.500000000000000000e+01 1.539999999999999147e+01
2.004008016032064234e+03 1.459999999999999432e+01 4.000000000000000083e-02 1.500000000000000000e+01 1.539999999999999147e+01
2.505010020040080235e+03 1.459999999999999432e+01 -4.000000000000000083e-02 1.500000000000000000e+01 1.539999999999999147e+01
3.006012024048096464e+03 1.459999999999999432e+01 -4.000000000000000083e-02 1.500000000000000000e+01 1.539999999999999147e+01
3.507014028056112238e+03 1.459999999999999432e+01 -4.000000000000000083e-02 1.500000000000000000e+01 1.539999999999999147e+01
4.008016032064128467e+03 1.459999999999999432e+01 -4.000000000000000083e-02 1.500000000000000000e+01 1.539999999999999147e+01
4.509018036072144241e+03 1.459999999999999432e+01 -4.000000000000000083e-02 1.500000000000000000e+01 1.539999999999999147e+01
5.010020040080160470e+03 1.459999999999999432e+01 -4.000000000000000083e-02 1.500000000000000000e+01 1.539999999999999147e+01
5.511022044088176699e+03 1.459999999999999432e+01 4.000000000000000083e-02 1.500000000000000000e+01 1.539999999999999147e+01
6.012024048096192928e+03 1.459999999999999432e+01 -4.000000000000000083e-02 1.500000000000000000e+01 1.539999999999999147e+01
6.513026052104209157e+03 1.459999999999999432e+01 -4.000000000000000083e-02 1.500000000000000000e+01 1.539999999999999147e+01
7.014028056112224476e+03 1.459999999999999432e+01 4.000000000000000083e-02 1.500000000000000000e+01 1.539999999999999147e+01
7.515030060120240705e+03 1.459999999999999432e+01 -4.000000000000000083e-02 1.500000000000000000e+01 1.539999999999999147e+01
8.016032064128256934e+03 1.459999999999999432e+01 4.000000000000000083e-02 1.500000000000000000e+01 1.539999999999999147e+01
8.517034068136272253e+03 1.459999999999999432e+01 4.000000000000000083e-02 1.500000000000000000e+01 1.539999999999999147e+01
9.018036072144288482e+03 1.459999999999999432e+01 4.000000000000000083e-02 1.500000000000000000e+01 1.539999999999999147e+01
9.519038076152304711e+03 1.459999999999999432e+01 4.000000000000000083e-02 1.500000000000000000e+01 1.539999999999999147e+01
1.002004008016032094e+04 1.459999999999999432e+01 -4.000000000000000083e-02 1.500000000000000000e+01 1.539999999999999147e+01
1.052104208416833717e+04 1.459999999999999432e+01 4.000000000000000083e-02 1.500000000000000000e+01 1.539999999999999147e+01
1.102204408817635340e+04 1.459999999999999432e+01 -1.199999999999999956e-01 1.500000000000000000e+01 1.539999999999999147e+01
1.152304609218436963e+04 1.459999999999999432e+01 4.000000000000000083e-02 1.500000000000000000e+01 1.539999999999999147e+01
1.202404809619238586e+04 1.459999999999999432e+01 4.000000000000000083e-02 1.500000000000000000e+01 1.539999999999999147e+01
1.252505010020040208e+04 1.459999999999999432e+01 4.000000000000000083e-02 1.500000000000000000e+01 1.539999999999999147e+01
1.302605210420841831e+04 1.459999999999999432e+01 4.000000000000000083e-02 1.500000000000000000e+01 1.539999999999999147e+01
1.352705410821643272e+04 1.459999999999999432e+01 -4.000000000000000083e-02 1.500000000000000000e+01 1.539999999999999147e+01
1.402805611222444895e+04 1.459999999999999432e+01 -4.000000000000000083e-02 1.500000000000000000e+01 1.539999999999999147e+01
1.452905811623246518e+04 1.459999999999999432e+01 4.000000000000000083e-02 1.500000000000000000e+01 1.539999999999999147e+01
1.503006012024048141e+04 1.459999999999999432e+01 -4.000000000000000083e-02 1.500000000000000000e+01 1.539999999999999147e+01
1.553106212424849764e+04 1.459999999999999432e+01 -4.000000000000000083e-02 1.500000000000000000e+01 1.539999999999999147e+01
1.603206412825651387e+04 1.459999999999999432e+01 4.000000000000000083e-02 1.500000000000000000e+01 1.539999999999999147e+01
1.653306613226452828e+04 1.459999999999999432e+01 4.000000000000000083e-02 1.500000000000000000e+01 1.539999999999999147e+01
1.703406813627254451e+04 1.459999999999999432e+01 4.000000000000000083e-02 1.500000000000000000e+01 1.539999999999999147e+01
1.753507014028056074e+04 1.459999999999999432e+01 4.000000000000000083e-02 1.500000000000000000e+01 1.539999999999999147e+01
1.803607214428857696e+04 1.459999999999999432e+01 4.000000000000000083e-02 1.500000000000000000e+01 1.539999999999999147e+01
1.853707414829659319e+04 1.459999999999999432e+01 4.000000000000000083e-02 1.500000000000000000e+01 1.539999999999999147e+01
1.903807615230460942e+04 1.459999999999999432e+01 4.000000000000000083e-02 1.500000000000000000e+01 1.539999999999999147e+01
1.953907815631262565e+04 1.459999999999999432e+01 4.000000000000000083e-02 1.500000000000000000e+01 1.539999999999999147e+01
2.004008016032064188e+04 1.459999999999999432e+01 -1.199999999999999956e-01 1.500000000000000000e+01 1.539999999999999147e+01
2.054108216432865811e+04 1.459999999999999432e+01 -4.000000000000000083e-02 1.500000000000000000e+01 1.539999999999999147e+01
2.104208416833667434e+04 1.459999999999999432e+01 -4.000000000000000083e-02 1.500000000000000000e+01 1.539999999999999147e+01
2.154308617234469057e+04 1.459999999999999432e+01 -4.000000000000000083e-02 1.500000000000000000e+01 1.539999999999999147e+01
2.204408817635270680e+04 1.459999999999999432e+01 4.000000000000000083e-02 1.500000000000000000e+01 1.539999999999999147e+01
2.254509018036072302e+04 1.459999999999999432e+01 -4.000000000000000083e-02 1.500000000000000000e+01 1.539999999999999147e+01
2.304609218436873925e+04 1.459999999999999432e+01 4.000000000000000083e-02 1.500000000000000000e+01 1.539999999999999147e+01
2.354709418837675548e+04 1.459999999999999432e+01 -4.000000000000000083e-02 1.500000000000000000e+01 1.539999999999999147e+01
2.404809619238477171e+04 1.459999999999999432e+01 4.000000000000000083e-02 1.500000000000000000e+01 1.539999999999999147e+01
2.454909819639278794e+04 1.459999999999999432e+01 4.000000000000000083e-02 1.500000000000000000e+01 1.539999999999999147e+01
2.505010020040080417e+04 1.459999999999999432e+01 4.679999999999999716e+00 1.500000000000000000e+01 1.539999999999999147e+01
2.555110220440882040e+04 1.459999999999999432e+01 4.679999999999999716e+00 1.500000000000000000e+01 1.539999999999999147e+01
2.605210420841683663e+04 1.459999999999999432e+01 4.679999999999999716e+00 1.500000000000000000e+01 1.539999999999999147e+01
2.655310621242485286e+04 1.459999999999999432e+01 4.679999999999999716e+00 1.500000000000000000e+01 1.539999999999999147e+01
2.705410821643286545e+04 1.459999999999999432e+01 4.679999999999999716e+00 1.500000000000000000e+01 1.539999999999999147e+01
2.755511022044088168e+04 1.459999999999999432e+01 4.679999999999999716e+00 1.500000000000000000e+01 1.539999999999999147e+01
2.805611222444889790e+04 1.459999999999999432e+01 4.600000000000000533e+00 1.500000000000000000e+01 1.539999999999999147e+01
2.855711422845691413e+04 1.459999999999999432e+01 4.679999999999999716e+00 1.500000000000000000e+01 1.539999999999999147e+01
2.905811623246493036e+04 1.459999999999999432e+01 4.600000000000000533e+00 1.500000000000000000e+01 1.539999999999999147e+01
2.955911823647294659e+04 1.459999999999999432e+01 4.600000000000000533e+00 1.500000000000000000e+01 1.539999999999999147e+01
3.006012024048096282e+04 1.459999999999999432e+01 4.679999999999999716e+00 1.500000000000000000e+01 1.539999999999999147e+01
3.056112224448897905e+04 1.459999999999999432e+01 4.679999999999999716e+00 1.500000000000000000e+01 1.539999999999999147e+01
3.106212424849699528e+04 1.459999999999999432e+01 4.679999999999999716e+00 1.500000000000000000e+01 1.539999999999999147e+01
3.156312625250501151e+04 1.459999999999999432e+01 4.679999999999999716e+00 1.500000000000000000e+01 1.539999999999999147e+01
3.206412825651302774e+04 1.459999999999999432e+01 4.679999999999999716e+00 1.500000000000000000e+01 1.539999999999999147e+01
3.256513026052104397e+04 1.459999999999999432e+01 4.679999999999999716e+00 1.500000000000000000e+01 1.539999999999999147e+01
3.306613226452905656e+04 1.459999999999999432e+01 4.600000000000000533e+00 1.500000000000000000e+01 1.539999999999999147e+01
3.356713426853707642e+04 1.459999999999999432e+01 4.679999999999999716e+00 1.500000000000000000e+01 1.539999999999999147e+01
3.406813627254508901e+04 1.459999999999999432e+01 4.679999999999999716e+00 1.500000000000000000e+01 1.539999999999999147e+01
3.456913827655310888e+04 1.459999999999999432e+01 4.600000000000000533e+00 1.500000000000000000e+01 1.539999999999999147e+01
3.507014028056112147e+04 1.459999999999999432e+01 4.679999999999999716e+00 1.500000000000000000e+01 1.539999999999999147e+01
3.557114228456914134e+04 1.459999999999999432e+01 4.679999999999999716e+00 1.500000000000000000e+01 1.539999999999999147e+01
3.607214428857715393e+04 1.459999999999999432e+01 4.600000000000000533e+00 1.500000000000000000e+01 1.539999999999999147e+01
3.657314629258517380e+04 1.459999999999999432e+01 4.600000000000000533e+00 1.500000000000000000e+01 1.539999999999999147e+01
3.707414829659318639e+04 1.459999999999999432e+01 4.679999999999999716e+00 1.500000000000000000e+01 1.539999999999999147e+01
3.757515030060120625e+04 1.459999999999999432e+01 4.600000000000000533e+00 1.500000000000000000e+01 1.539999999999999147e+01
3.807615230460921885e+04 1.459999999999999432e+01 4.679999999999999716e+00 1.500000000000000000e+01 1.539999999999999147e+01
3.857715430861723871e+04 1.459999999999999432e+01 4.679999999999999716e+00 1.500000000000000000e+01 1.539999999999999147e+01
3.907815631262525130e+04 1.459999999999999432e+01 4.600000000000000533e+00 1.500000000000000000e+01 1.539999999999999147e+01
3.957915831663327117e+04 1.459999999999999432e+01 4.600000000000000533e+00 1.500000000000000000e+01 1.539999999999999147e+01
4.008016032064128376e+04 1.459999999999999432e+01 4.679999999999999716e+00 1.500000000000000000e+01 1.539999999999999147e+01
4.058116232464930363e+04 1.459999999999999432e+01 4.679999999999999716e+00 1.500000000000000000e+01 1.539999999999999147e+01
4.108216432865731622e+04 1.459999999999999432e+01 4.600000000000000533e+00 1.500000000000000000e+01 1.539999999999999147e+01
4.158316633266533609e+04 1.459999999999999432e+01 4.679999999999999716e+00 1.500000000000000000e+01 1.539999999999999147e+01
4.208416833667334868e+04 1.459999999999999432e+01 4.679999999999999716e+00 1.500000000000000000e+01 1.539999999999999147e+01
4.258517034068136854e+04 1.459999999999999432e+01 4.679999999999999716e+00 1.500000000000000000e+01 1.539999999999999147e+01
4.308617234468938113e+04 1.459999999999999432e+01 4.679999999999999716e+00 1.500000000000000000e+01 1.539999999999999147e+01
4.358717434869739373e+04 1.459999999999999432e+01 4.679999999999999716e+00 1.500000000000000000e+01 1.539999999999999147e+01
4.408817635270541359e+04 1.459999999999999432e+01 4.679999999999999716e+00 1.500000000000000000e+01 1.539999999999999147e+01
4.458917835671342618e+04 1.459999999999999432e+01 4.600000000000000533e+00 1.500000000000000000e+01 1.539999999999999147e+01
4.509018036072144605e+04 1.459999999999999432e+01 4.679999999999999716e+00 1.500000000000000000e+01 1.539999999999999147e+01
4.559118236472945864e+04 1.459999999999999432e+01 4.600000000000000533e+00 1.500000000000000000e+01 1.539999999999999147e+01
4.609218436873747851e+04 1.459999999999999432e+01 4.600000000000000533e+00 1.500000000000000000e+01 1.539999999999999147e+01
4.659318637274549110e+04 1.459999999999999432e+01 4.600000000000000533e+00 1.500000000000000000e+01 1.539999999999999147e+01
4.709418837675351097e+04 1.459999999999999432e+01 4.600000000000000533e+00 1.500000000000000000e+01 1.539999999999999147e+01
4.759519038076152356e+04 1.459999999999999432e+01 4.679999999999999716e+00 1.500000000000000000e+01 1.539999999999999147e+01
4.809619238476954342e+04 1.459999999999999432e+01 4.600000000000000533e+00 1.500000000000000000e+01 1.539999999999999147e+01
4.859719438877755601e+04 1.459999999999999432e+01 4.679999999999999716e+00 1.500000000000000000e+01 1.539999999999999147e+01
4.909819639278557588e+04 1.459999999999999432e+01 4.600000000000000533e+00 1.500000000000000000e+01 1.539999999999999147e+01
4.959919839679358847e+04 1.459999999999999432e+01 4.679999999999999716e+00 1.500000000000000000e+01 1.539999999999999147e+01
5.010020040080160834e+04 1.459999999999999432e+01 4.679999999999999716e+00 1.500000000000000000e+01 1.539999999999999147e+01
5.060120240480962093e+04 1.459999999999999432e+01 4.679999999999999716e+00 1.500000000000000000e+01 1.539999999999999147e+01
5.110220440881764080e+04 1.459999999999999432e+01 4.679999999999999716e+00 1.500000000000000000e+01 1.539999999999999147e+01
5.160320641282565339e+04 1.459999999999999432e+01 4.679999999999999716e+00 1.500000000000000000e+01 1.539999999999999147e+01
5.210420841683367325e+04 1.459999999999999432e+01 4.679999999999999716e+00 1.500000000000000000e+01 1.539999999999999147e+01
5.260521042084168585e+04 1.459999999999999432e+01 4.679999999999999716e+00 1.500000000000000000e+01 1.539999999999999147e+01
5.310621242484970571e+04 1.459999999999999432e+01 4.679999999999999716e+00 1.500000000000000000e+01 1.539999999999999147e+01
5.360721442885771830e+04 1.459999999999999432e+01 4.679999999999999716e+00 1.500000000000000000e+01 1.539999999999999147e+01
5.410821643286573089e+04 1.459999999999999432e+01 4.679999999999999716e+00 1.500000000000000000e+01 1.539999999999999147e+01
5.460921843687375076e+04 1.459999999999999432e+01 4.600000000000000533e+00 1.500000000000000000e+01 1.539999999999999147e+01
5.511022044088176335e+04 1.459999999999999432e+01 4.679999999999999716e+00 1.500000000000000000e+01 1.539999999999999147e+01
5.561122244488978322e+04 1.459999999999999432e+01 4.679999999999999716e+00 1.500000000000000000e+01 1.539999999999999147e+01
5.611222444889779581e+04 1.459999999999999432e+01 4.679999999999999716e+00 1.500000000000000000e+01 1.539999999999999147e+01
5.661322645290581568e+04 1.459999999999999432e+01 4.600000000000000533e+00 1.500000000000000000e+01 1.539999999999999147e+01
5.711422845691382827e+04 1.459999999999999432e+01 4.679999999999999716e+00 1.500000000000000000e+01 1.539999999999999147e+01
5.761523046092184813e+04 1.459999999999999432e+01 4.759999999999999787e+00 1.500000000000000000e+01 1.539999999999999147e+01
5.811623246492986073e+04 1.459999999999999432e+01 4.679999999999999716e+00 1.500000000000000000e+01 1.539999999999999147e+01
5.861723446893788059e+04 1.459999999999999432e+01 4.679999999999999716e+00 1.500000000000000000e+01 1.539999999999999147e+01
5.911823647294589318e+04 1.459999999999999432e+01 4.600000000000000533e+00 1.500000000000000000e+01 1.539999999999999147e+01
5.961923847695391305e+04 1.459999999999999432e+01 4.679999999999999716e+00 1.500000000000000000e+01 1.539999999999999147e+01
6.012024048096192564e+04 1.459999999999999432e+01 4.679999999999999716e+00 1.500000000000000000e+01 1.539999999999999147e+01
6.062124248496994551e+04 1.459999999999999432e+01 4.679999999999999716e+00 1.500000000000000000e+01 1.539999999999999147e+01
6.112224448897795810e+04 1.459999999999999432e+01 4.679999999999999716e+00 1.500000000000000000e+01 1.539999999999999147e+01
6.162324649298597797e+04 1.459999999999999432e+01 4.600000000000000533e+00 1.500000000000000000e+01 1.539999999999999147e+01
6.212424849699399056e+04 1.459999999999999432e+01 4.600000000000000533e+00 1.500000000000000000e+01 1.539999999999999147e+01
6.262525050100201042e+04 1.459999999999999432e+01 4.679999999999999716e+00 1.500000000000000000e+01 1.539999999999999147e+01
6.312625250501002301e+04 1.459999999999999432e+01 4.679999999999999716e+00 1.500000000000000000e+01 1.539999999999999147e+01
6.362725450901804288e+04 1.459999999999999432e+01 4.679999999999999716e+00 1.500000000000000000e+01 1.539999999999999147e+01
6.412825651302605547e+04 1.459999999999999432e+01 4.679999999999999716e+00 1.500000000000000000e+01 1.539999999999999147e+01
6.462925851703406806e+04 1.459999999999999432e+01 4.600000000000000533e+00 1.500000000000000000e+01 1.539999999999999147e+01
6.513026052104208793e+04 1.459999999999999432e+01 4.679999999999999716e+00 1.500000000000000000e+01 1.539999999999999147e+01
6.563126252505010052e+04 1.459999999999999432e+01 4.679999999999999716e+00 1.500000000000000000e+01 1.539999999999999147e+01
6.613226452905811311e+04 1.459999999999999432e+01 4.679999999999999716e+00 1.500000000000000000e+01 1.539999999999999147e+01
6.663326653306614025e+04 1.459999999999999432e+01 4.600000000000000533e+00 1.500000000000000000e+01 1.539999999999999147e+01
6.713426853707415285e+04 1.459999999999999432e+01 4.600000000000000533e+00 1.500000000000000000e+01 1.539999999999999147e+01
6.763527054108216544e+04 1.459999999999999432e+01 4.679999999999999716e+00 1.500000000000000000e+01 1.539999999999999147e+01
6.813627254509017803e+04 1.459999999999999432e+01 4.679999999999999716e+00 1.500000000000000000e+01 1.539999999999999147e+01
6.863727454909820517e+04 1.459999999999999432e+01 4.600000000000000533e+00 1.500000000000000000e+01 1.539999999999999147e+01
6.913827655310621776e+04 1.459999999999999432e+01 4.600000000000000533e+00 1.500000000000000000e+01 1.539999999999999147e+01
6.963927855711423035e+04 1.459999999999999432e+01 4.679999999999999716e+00 1.500000000000000000e+01 1.539999999999999147e+01
7.014028056112224294e+04 1.459999999999999432e+01 4.679999999999999716e+00 1.500000000000000000e+01 1.539999999999999147e+01
7.064128256513027009e+04 1.459999999999999432e+01 4.679999999999999716e+00 1.500000000000000000e+01 1.539999999999999147e+01
7.114228456913828268e+04 1.459999999999999432e+01 4.679999999999999716e+00 1.500000000000000000e+01 1.539999999999999147e+01
7.164328657314629527e+04 1.459999999999999432e+01 4.679999999999999716e+00 1.500000000000000000e+01 1.539999999999999147e+01
7.214428857715430786e+04 1.459999999999999432e+01 4.679999999999999716e+00 1.500000000000000000e+01 1.539999999999999147e+01
7.264529058116233500e+04 1.459999999999999432e+01 4.679999999999999716e+00 1.500000000000000000e+01 1.539999999999999147e+01
7.314629258517034759e+04 1.459999999999999432e+01 4.679999999999999716e+00 1.500000000000000000e+01 1.539999999999999147e+01
7.364729458917836018e+04 1.459999999999999432e+01 4.679999999999999716e+00 1.500000000000000000e+01 1.539999999999999147e+01
7.414829659318637277e+04 1.459999999999999432e+01 4.679999999999999716e+00 1.500000000000000000e+01 1.539999999999999147e+01
7.464929859719439992e+04 1.459999999999999432e+01 4.679999999999999716e+00 1.500000000000000000e+01 1.539999999999999147e+01
7.515030060120241251e+04 1.459999999999999432e+01 4.679999999999999716e+00 1.500000000000000000e+01 1.539999999999999147e+01
7.565130260521042510e+04 1.459999999999999432e+01 4.600000000000000533e+00 1.500000000000000000e+01 1.539999999999999147e+01
7.615230460921843769e+04 1.459999999999999432e+01 4.679999999999999716e+00 1.500000000000000000e+01 1.539999999999999147e+01
7.665330661322645028e+04 1.459999999999999432e+01 4.600000000000000533e+00 1.500000000000000000e+01 1.539999999999999147e+01
7.715430861723447742e+04 1.459999999999999432e+01 4.679999999999999716e+00 1.500000000000000000e+01 1.539999999999999147e+01
7.765531062124249001e+04 1.459999999999999432e+01 4.600000000000000533e+00 1.500000000000000000e+01 1.539999999999999147e+01
7.815631262525050261e+04 1.459999999999999432e+01 4.520000000000000462e+00 1.500000000000000000e+01 1.539999999999999147e+01
7.865731462925851520e+04 1.459999999999999432e+01 4.600000000000000533e+00 1.500000000000000000e+01 1.539999999999999147e+01
7.915831663326654234e+04 1.459999999999999432e+01 4.679999999999999716e+00 1.500000000000000000e+01 1.539999999999999147e+01
7.965931863727455493e+04 1.459999999999999432e+01 4.679999999999999716e+00 1.500000000000000000e+01 1.539999999999999147e+01
8.016032064128256752e+04 1.459999999999999432e+01 4.679999999999999716e+00 1.500000000000000000e+01 1.539999999999999147e+01
8.066132264529058011e+04 1.459999999999999432e+01 4.679999999999999716e+00 1.500000000000000000e+01 1.539999999999999147e+01
8.116232464929860726e+04 1.459999999999999432e+01 4.679999999999999716e+00 1.500000000000000000e+01 1.539999999999999147e+01
8.166332665330661985e+04 1.459999999999999432e+01 4.679999999999999716e+00 1.500000000000000000e+01 1.539999999999999147e+01
8.216432865731463244e+04 1.459999999999999432e+01 4.679999999999999716e+00 1.500000000000000000e+01 1.539999999999999147e+01
8.266533066132264503e+04 1.459999999999999432e+01 4.600000000000000533e+00 1.500000000000000000e+01 1.539999999999999147e+01
8.316633266533067217e+04 1.459999999999999432e+01 4.679999999999999716e+00 1.500000000000000000e+01 1.539999999999999147e+01
8.366733466933868476e+04 1.459999999999999432e+01 4.600000000000000533e+00 1.500000000000000000e+01 1.539999999999999147e+01
8.416833667334669735e+04 1.459999999999999432e+01 4.600000000000000533e+00 1.500000000000000000e+01 1.539999999999999147e+01
8.466933867735470994e+04 1.459999999999999432e+01 4.679999999999999716e+00 1.500000000000000000e+01 1.539999999999999147e+01
8.517034068136273709e+04 1.459999999999999432e+01 4.679999999999999716e+00 1.500000000000000000e+01 1.539999999999999147e+01
8.567134268537074968e+04 1.459999999999999432e+01 4.679999999999999716e+00 1.500000000000000000e+01 1.539999999999999147e+01
8.617234468937876227e+04 1.459999999999999432e+01 4.679999999999999716e+00 1.500000000000000000e+01 1.539999999999999147e+01
8.667334669338677486e+04 1.459999999999999432e+01 4.600000000000000533e+00 1.500000000000000000e+01 1.539999999999999147e+01
8.717434869739478745e+04 1.459999999999999432e+01 4.679999999999999716e+00 1.500000000000000000e+01 1.539999999999999147e+01
8.767535070140281459e+04 1.459999999999999432e+01 4.679999999999999716e+00 1.500000000000000000e+01 1.539999999999999147e+01
8.817635270541082718e+04 1.459999999999999432e+01 4.600000000000000533e+00 1.500000000000000000e+01 1.539999999999999147e+01
8.867735470941883978e+04 1.459999999999999432e+01 4.679999999999999716e+00 1.500000000000000000e+01 1.539999999999999147e+01
8.917835671342685237e+04 1.459999999999999432e+01 4.600000000000000533e+00 1.500000000000000000e+01 1.539999999999999147e+01
8.967935871743487951e+04 1.459999999999999432e+01 4.679999999999999716e+00 1.500000000000000000e+01 1.539999999999999147e+01
9.018036072144289210e+04 1.459999999999999432e+01 4.600000000000000533e+00 1.500000000000000000e+01 1.539999999999999147e+01
9.068136272545090469e+04 1.459999999999999432e+01 4.679999999999999716e+00 1.500000000000000000e+01 1.539999999999999147e+01
9.118236472945891728e+04 1.459999999999999432e+01 4.759999999999999787e+00 1.500000000000000000e+01 1.539999999999999147e+01
9.168336673346694442e+04 1.459999999999999432e+01 4.600000000000000533e+00 1.500000000000000000e+01 1.539999999999999147e+01
9.218436873747495702e+04 1.459999999999999432e+01 4.679999999999999716e+00 1.500000000000000000e+01 1.539999999999999147e+01
9.268537074148296961e+04 1.459999999999999432e+01 4.600000000000000533e+00 1.500000000000000000e+01 1.539999999999999147e+01
9.318637274549098220e+04 1.459999999999999432e+01 4.679999999999999716e+00 1.500000000000000000e+01 1.539999999999999147e+01
9.368737474949900934e+04 1.459999999999999432e+01 4.679999999999999716e+00 1.500000000000000000e+01 1.539999999999999147e+01
9.418837675350702193e+04 1.459999999999999432e+01 4.679999999999999716e+00 1.500000000000000000e+01 1.539999999999999147e+01
9.468937875751503452e+04 1.459999999999999432e+01 4.600000000000000533e+00 1.500000000000000000e+01 1.539999999999999147e+01
9.519038076152304711e+04 1.459999999999999432e+01 4.600000000000000533e+00 1.500000000000000000e+01 1.539999999999999147e+01
9.569138276553107426e+04 1.459999999999999432e+01 4.679999999999999716e+00 1.500000000000000000e+01 1.539999999999999147e+01
9.619238476953908685e+04 1.459999999999999432e+01 4.600000000000000533e+00 1.500000000000000000e+01 1.539999999999999147e+01
9.669338677354709944e+04 1.459999999999999432e+01 4.600000000000000533e+00 1.500000000000000000e+01 1.539999999999999147e+01
9.719438877755511203e+04 1.459999999999999432e+01 4.679999999999999716e+00 1.500000000000000000e+01 1.539999999999999147e+01
9.769539078156312462e+04 1.459999999999999432e+01 4.679999999999999716e+00 1.500000000000000000e+01 1.539999999999999147e+01
9.819639278557115176e+04 1.459999999999999432e+01 4.679999999999999716e+00 1.500000000000000000e+01 1.539999999999999147e+01
9.869739478957916435e+04 1.459999999999999432e+01 4.679999999999999716e+00 1.500000000000000000e+01 1.539999999999999147e+01
9.919839679358717694e+04 1.459999999999999432e+01 4.679999999999999716e+00 1.500000000000000000e+01 1.539999999999999147e+01
9.969939879759518954e+04 1.459999999999999432e+01 4.679999999999999716e+00 1.500000000000000000e+01 1.539999999999999147e+01
1.002004008016032167e+05 1.459999999999999432e+01 4.679999999999999716e+00 1.500000000000000000e+01 1.539999999999999147e+01
1.007014028056112293e+05 1.459999999999999432e+01 4.679999999999999716e+00 1.500000000000000000e+01 1.539999999999999147e+01
1.012024048096192419e+05 1.459999999999999432e+01 4.679999999999999716e+00 1.500000000000000000e+01 1.539999999999999147e+01
1.017034068136272545e+05 1.459999999999999432e+01 4.679999999999999716e+00 1.500000000000000000e+01 1.539999999999999147e+01
1.022044088176352816e+05 1.459999999999999432e+01 4.600000000000000533e+00 1.500000000000000000e+01 1.539999999999999147e+01
1.027054108216432942e+05 1.459999999999999432e+01 4.679999999999999716e+00 1.500000000000000000e+01 1.539999999999999147e+01
1.032064128256513068e+05 1.459999999999999432e+01 4.679999999999999716e+00 1.500000000000000000e+01 1.539999999999999147e+01
1.037074148296593194e+05 1.459999999999999432e+01 4.679999999999999716e+00 1.500000000000000000e+01 1.539999999999999147e+01
1.042084168336673465e+05 1.459999999999999432e+01 4.679999999999999716e+00 1.500000000000000000e+01 1.539999999999999147e+01
1.047094188376753591e+05 1.459999999999999432e+01 4.679999999999999716e+00 1.500000000000000000e+01 1.539999999999999147e+01
1.052104208416833717e+05 1.459999999999999432e+01 4.600000000000000533e+00 1.500000000000000000e+01 1.539999999999999147e+01
1.057114228456913843e+05 1.459999999999999432e+01 4.679999999999999716e+00 1.500000000000000000e+01 1.539999999999999147e+01
1.062124248496994114e+05 1.459999999999999432e+01 4.679999999999999716e+00 1.500000000000000000e+01 1.539999999999999147e+01
1.067134268537074240e+05 1.459999999999999432e+01 4.600000000000000533e+00 1.500000000000000000e+01 1.539999999999999147e+01
1.072144288577154366e+05 1.459999999999999432e+01 4.679999999999999716e+00 1.500000000000000000e+01 1.539999999999999147e+01
1.077154308617234492e+05 1.459999999999999432e+01 4.679999999999999716e+00 1.500000000000000000e+01 1.539999999999999147e+01
1.082164328657314618e+05 1.459999999999999432e+01 4.679999999999999716e+00 1.500000000000000000e+01 1.539999999999999147e+01
1.087174348697394889e+05 1.459999999999999432e+01 4.520000000000000462e+00 1.500000000000000000e+01 1.539999999999999147e+01
1.092184368737475015e+05 1.459999999999999432e+01 4.600000000000000533e+00 1.500000000000000000e+01 1.539999999999999147e+01
1.097194388777555141e+05 1.459999999999999432e+01 4.679999999999999716e+00 1.500000000000000000e+01 1.539999999999999147e+01
1.102204408817635267e+05 1.459999999999999432e+01 4.679999999999999716e+00 1.500000000000000000e+01 1.539999999999999147e+01
1.107214428857715538e+05 1.459999999999999432e+01 4.600000000000000533e+00 1.500000000000000000e+01 1.539999999999999147e+01
1.112224448897795664e+05 1.459999999999999432e+01 4.679999999999999716e+00 1.500000000000000000e+01 1.539999999999999147e+01
1.117234468937875790e+05 1.459999999999999432e+01 4.600000000000000533e+00 1.500000000000000000e+01 1.539999999999999147e+01
1.122244488977955916e+05 1.459999999999999432e+01 4.679999999999999716e+00 1.500000000000000000e+01 1.539999999999999147e+01
1.127254509018036188e+05 1.459999999999999432e+01 4.679999999999999716e+00 1.500000000000000000e+01 1.539999999999999147e+01
1.132264529058116314e+05 1.459999999999999432e+01 4.600000000000000533e+00 1.500000000000000000e+01 1.539999999999999147e+01
1.137274549098196439e+05 1.459999999999999432e+01 4.679999999999999716e+00 1.500000000000000000e+01 1.539999999999999147e+01
1.142284569138276565e+05 1.459999999999999432e+01 4.679999999999999716e+00 1.500000000000000000e+01 1.539999999999999147e+01
1.147294589178356837e+05 1.459999999999999432e+01 4.679999999999999716e+00 1.500000000000000000e+01 1.539999999999999147e+01
1.152304609218436963e+05 1.459999999999999432e+01 4.679999999999999716e+00 1.500000000000000000e+01 1.539999999999999147e+01
1.157314629258517089e+05 1.459999999999999432e+01 4.679999999999999716e+00 1.500000000000000000e+01 1.539999999999999147e+01
1.162324649298597215e+05 1.459999999999999432e+01 4.679999999999999716e+00 1.500000000000000000e+01 1.539999999999999147e+01
1.167334669338677486e+05 1.459999999999999432e+01 4.679999999999999716e+00 1.500000000000000000e+01 1.539999999999999147e+01
1.172344689378757612e+05 1.459999999999999432e+01 4.600000000000000533e+00 1.500000000000000000e+01 1.539999999999999147e+01
1.177354709418837738e+05 1.459999999999999432e+01 4.679999999999999716e+00 1.500000000000000000e+01 1.539999999999999147e+01
1.182364729458917864e+05 1.459999999999999432e+01 4.679999999999999716e+00 1.500000000000000000e+01 1.539999999999999147e+01
1.187374749498997990e+05 1.459999999999999432e+01 4.600000000000000533e+00 1.500000000000000000e+01 1.539999999999999147e+01
1.192384769539078261e+05 1.459999999999999432e+01 4.600000000000000533e+00 1.500000000000000000e+01 1.539999999999999147e+01
1.197394789579158387e+05 1.459999999999999432e+01 4.679999999999999716e+00 1.500000000000000000e+01 1.539999999999999147e+01
1.202404809619238513e+05 1.459999999999999432e+01 4.679999999999999716e+00 1.500000000000000000e+01 1.539999999999999147e+01
1.207414829659318639e+05 1.459999999999999432e+01 4.679999999999999716e+00 1.500000000000000000e+01 1.539999999999999147e+01
1.212424849699398910e+05 1.459999999999999432e+01 4.679999999999999716e+00 1.500000000000000000e+01 1.539999999999999147e+01
1.217434869739479036e+05 1.459999999999999432e+01 4.679999999999999716e+00 1.500000000000000000e+01 1.539999999999999147e+01
1.222444889779559162e+05 1.459999999999999432e+01 4.600000000000000533e+00 1.500000000000000000e+01 1.539999999999999147e+01
1.227454909819639288e+05 1.459999999999999432e+01 4.600000000000000533e+00 1.500000000000000000e+01 1.539999999999999147e+01
1.232464929859719559e+05 1.459999999999999432e+01 4.679999999999999716e+00 1.500000000000000000e+01 1.539999999999999147e+01
1.237474949899799685e+05 1.459999999999999432e+01 4.679999999999999716e+00 1.500000000000000000e+01 1.539999999999999147e+01
1.242484969939879811e+05 1.459999999999999432e+01 4.679999999999999716e+00 1.500000000000000000e+01 1.539999999999999147e+01
1.247494989979959937e+05 1.459999999999999432e+01 4.679999999999999716e+00 1.500000000000000000e+01 1.539999999999999147e+01
1.252505010020040208e+05 1.459999999999999432e+01 4.679999999999999716e+00 1.500000000000000000e+01 1.539999999999999147e+01
1.257515030060120334e+05 1.459999999999999432e+01 4.679999999999999716e+00 1.500000000000000000e+01 1.539999999999999147e+01
1.262525050100200460e+05 1.459999999999999432e+01 4.679999999999999716e+00 1.500000000000000000e+01 1.539999999999999147e+01
1.267535070140280586e+05 1.459999999999999432e+01 4.679999999999999716e+00 1.500000000000000000e+01 1.539999999999999147e+01
1.272545090180360858e+05 1.459999999999999432e+01 4.679999999999999716e+00 1.500000000000000000e+01 1.539999999999999147e+01
1.277555110220440984e+05 1.459999999999999432e+01 4.679999999999999716e+00 1.500000000000000000e+01 1.539999999999999147e+01
1.282565130260521109e+05 1.459999999999999432e+01 4.600000000000000533e+00 1.500000000000000000e+01 1.539999999999999147e+01
1.287575150300601235e+05 1.459999999999999432e+01 4.679999999999999716e+00 1.500000000000000000e+01 1.539999999999999147e+01
1.292585170340681361e+05 1.459999999999999432e+01 4.679999999999999716e+00 1.500000000000000000e+01 1.539999999999999147e+01
1.297595190380761633e+05 1.459999999999999432e+01 4.679999999999999716e+00 1.500000000000000000e+01 1.539999999999999147e+01
1.302605210420841759e+05 1.459999999999999432e+01 4.600000000000000533e+00 1.500000000000000000e+01 1.539999999999999147e+01
1.307615230460921885e+05 1.459999999999999432e+01 4.679999999999999716e+00 1.500000000000000000e+01 1.539999999999999147e+01
1.312625250501002010e+05 1.459999999999999432e+01 4.679999999999999716e+00 1.500000000000000000e+01 1.539999999999999147e+01
1.317635270541082136e+05 1.459999999999999432e+01 4.679999999999999716e+00 1.500000000000000000e+01 1.539999999999999147e+01
1.322645290581162262e+05 1.459999999999999432e+01 4.600000000000000533e+00 1.500000000000000000e+01 1.539999999999999147e+01
1.327655310621242679e+05 1.459999999999999432e+01 4.679999999999999716e+00 1.500000000000000000e+01 1.539999999999999147e+01
1.332665330661322805e+05 1.459999999999999432e+01 4.679999999999999716e+00 1.500000000000000000e+01 1.539999999999999147e+01
1.337675350701402931e+05 1.459999999999999432e+01 4.679999999999999716e+00 1.500000000000000000e+01 1.539999999999999147e+01
1.342685370741483057e+05 1.459999999999999432e+01 4.759999999999999787e+00 1.500000000000000000e+01 1.539999999999999147e+01
1.347695390781563183e+05 1.459999999999999432e+01 4.600000000000000533e+00 1.500000000000000000e+01 1.539999999999999147e+01
1.352705410821643309e+05 1.459999999999999432e+01 4.759999999999999787e+00 1.500000000000000000e+01 1.539999999999999147e+01
1.357715430861723435e+05 1.459999999999999432e+01 4.679999999999999716e+00 1.500000000000000000e+01 1.539999999999999147e+01
1.362725450901803561e+05 1.459999999999999432e+01 4.679999999999999716e+00 1.500000000000000000e+01 1.539999999999999147e+01
1.367735470941883978e+05 1.459999999999999432e+01 4.679999999999999716e+00 1.500000000000000000e+01 1.539999999999999147e+01
1.372745490981964103e+05 1.459999999999999432e+01 4.679999999999999716e+00 1.500000000000000000e+01 1.539999999999999147e+01
1.377755511022044229e+05 1.459999999999999432e+01 4.679999999999999716e+00 1.500000000000000000e+01 1.539999999999999147e+01
1.382765531062124355e+05 1.459999999999999432e+01 4.679999999999999716e+00 1.500000000000000000e+01 1.539999999999999147e+01
1.387775551102204481e+05 1.459999999999999432e+01 4.600000000000000533e+00 1.500000000000000000e+01 1.539999999999999147e+01
1.392785571142284607e+05 1.459999999999999432e+01 4.679999999999999716e+00 1.500000000000000000e+01 1.539999999999999147e+01
1.397795591182364733e+05 1.459999999999999432e+01 4.600000000000000533e+00 1.500000000000000000e+01 1.539999999999999147e+01
1.402805611222444859e+05 1.459999999999999432e+01 4.679999999999999716e+00 1.500000000000000000e+01 1.539999999999999147e+01
1.407815631262524985e+05 1.459999999999999432e+01 4.679999999999999716e+00 1.500000000000000000e+01 1.539999999999999147e+01
1.412825651302605402e+05 1.459999999999999432e+01 4.679999999999999716e+00 1.500000000000000000e+01 1.539999999999999147e+01
1.417835671342685528e+05 1.459999999999999432e+01 4.679999999999999716e+00 1.500000000000000000e+01 1.539999999999999147e+01
1.422845691382765654e+05 1.459999999999999432e+01 4.679999999999999716e+00 1.500000000000000000e+01 1.539999999999999147e+01
1.427855711422845779e+05 1.459999999999999432e+01 4.679999999999999716e+00 1.500000000000000000e+01 1.539999999999999147e+01
1.432865731462925905e+05 1.459999999999999432e+01 4.679999999999999716e+00 1.500000000000000000e+01 1.539999999999999147e+01
1.437875751503006031e+05 1.459999999999999432e+01 4.679999999999999716e+00 1.500000000000000000e+01 1.539999999999999147e+01
1.442885771543086157e+05 1.459999999999999432e+01 4.679999999999999716e+00 1.500000000000000000e+01 1.539999999999999147e+01
1.447895791583166283e+05 1.459999999999999432e+01 4.679999999999999716e+00 1.500000000000000000e+01 1.539999999999999147e+01
1.452905811623246700e+05 1.459999999999999432e+01 4.679999999999999716e+00 1.500000000000000000e+01 1.539999999999999147e+01
1.457915831663326826e+05 1.459999999999999432e+01 4.679999999999999716e+00 1.500000000000000000e+01 1.539999999999999147e+01
1.462925851703406952e+05 1.459999999999999432e+01 4.600000000000000533e+00 1.500000000000000000e+01 1.539999999999999147e+01
1.467935871743487078e+05 1.459999999999999432e+01 4.679999999999999716e+00 1.500000000000000000e+01 1.539999999999999147e+01
1.472945891783567204e+05 1.459999999999999432e+01 4.600000000000000533e+00 1.500000000000000000e+01 1.539999999999999147e+01
1.477955911823647330e+05 1.459999999999999432e+01 4.679999999999999716e+00 1.500000000000000000e+01 1.539999999999999147e+01
1.482965931863727455e+05 1.459999999999999432e+01 4.679999999999999716e+00 1.500000000000000000e+01 1.539999999999999147e+01
1.487975951903807581e+05 1.459999999999999432e+01 4.679999999999999716e+00 1.500000000000000000e+01 1.539999999999999147e+01
1.492985971943887998e+05 1.459999999999999432e+01 4.679999999999999716e+00 1.500000000000000000e+01 1.539999999999999147e+01
1.497995991983968124e+05 1.459999999999999432e+01 4.679999999999999716e+00 1.500000000000000000e+01 1.539999999999999147e+01
1.503006012024048250e+05 1.459999999999999432e+01 -4.000000000000000083e-02 1.500000000000000000e+01 1.539999999999999147e+01
1.508016032064128376e+05 1.459999999999999432e+01 4.000000000000000083e-02 1.500000000000000000e+01 1.539999999999999147e+01
1.513026052104208502e+05 1.459999999999999432e+01 -1.199999999999999956e-01 1.500000000000000000e+01 1.539999999999999147e+01
1.518036072144288628e+05 1.459999999999999432e+01 4.000000000000000083e-02 1.500000000000000000e+01 1.539999999999999147e+01
1.523046092184368754e+05 1.459999999999999432e+01 -4.000000000000000083e-02 1.500000000000000000e+01 1.539999999999999147e+01
1.528056112224448880e+05 1.459999999999999432e+01 4.000000000000000083e-02 1.500000000000000000e+01 1.539999999999999147e+01
1.533066132264529006e+05 1.459999999999999432e+01 1.199999999999999956e-01 1.500000000000000000e+01 1.539999999999999147e+01
1.538076152304609423e+05 1.459999999999999432e+01 4.000000000000000083e-02 1.500000000000000000e+01 1.539999999999999147e+01
1.543086172344689548e+05 1.459999999999999432e+01 4.000000000000000083e-02 1.500000000000000000e+01 1.539999999999999147e+01
1.548096192384769674e+05 1.459999999999999432e+01 4.000000000000000083e-02 1.500000000000000000e+01 1.539999999999999147e+01
1.553106212424849800e+05 1.459999999999999432e+01 4.000000000000000083e-02 1.500000000000000000e+01 1.539999999999999147e+01
1.558116232464929926e+05 1.459999999999999432e+01 1.199999999999999956e-01 1.500000000000000000e+01 1.539999999999999147e+01
1.563126252505010052e+05 1.459999999999999432e+01 -4.000000000000000083e-02 1.500000000000000000e+01 1.539999999999999147e+01
1.568136272545090178e+05 1.459999999999999432e+01 4.000000000000000083e-02 1.500000000000000000e+01 1.539999999999999147e+01
1.573146292585170304e+05 1.459999999999999432e+01 4.000000000000000083e-02 1.500000000000000000e+01 1.539999999999999147e+01
1.578156312625250721e+05 1.459999999999999432e+01 -4.000000000000000083e-02 1.500000000000000000e+01 1.539999999999999147e+01
1.583166332665330847e+05 1.459999999999999432e+01 4.000000000000000083e-02 1.500000000000000000e+01 1.539999999999999147e+01
1.588176352705410973e+05 1.459999999999999432e+01 4.000000000000000083e-02 1.500000000000000000e+01 1.539999999999999147e+01
1.593186372745491099e+05 1.459999999999999432e+01 4.000000000000000083e-02 1.500000000000000000e+01 1.539999999999999147e+01
1.598196392785571225e+05 1.459999999999999432e+01 4.000000000000000083e-02 1.500000000000000000e+01 1.539999999999999147e+01
1.603206412825651350e+05 1.459999999999999432e+01 4.000000000000000083e-02 1.500000000000000000e+01 1.539999999999999147e+01
1.608216432865731476e+05 1.459999999999999432e+01 4.000000000000000083e-02 1.500000000000000000e+01 1.539999999999999147e+01
1.613226452905811602e+05 1.459999999999999432e+01 4.000000000000000083e-02 1.500000000000000000e+01 1.539999999999999147e+01
1.618236472945891728e+05 1.459999999999999432e+01 4.000000000000000083e-02 1.500000000000000000e+01 1.539999999999999147e+01
1.623246492985972145e+05 1.459999999999999432e+01 4.000000000000000083e-02 1.500000000000000000e+01 1.539999999999999147e+01
1.628256513026052271e+05 1.459999999999999432e+01 4.000000000000000083e-02 1.500000000000000000e+01 1.539999999999999147e+01
1.633266533066132397e+05 1.459999999999999432e+01 -4.000000000000000083e-02 1.500000000000000000e+01 1.539999999999999147e+01
1.638276553106212523e+05 1.459999999999999432e+01 4.000000000000000083e-02 1.500000000000000000e+01 1.539999999999999147e+01
1.643286573146292649e+05 1.459999999999999432e+01 4.000000000000000083e-02 1.500000000000000000e+01 1.539999999999999147e+01
1.648296593186372775e+05 1.459999999999999432e+01 4.000000000000000083e-02 1.500000000000000000e+01 1.539999999999999147e+01
1.653306613226452901e+05 1.459999999999999432e+01 4.000000000000000083e-02 1.500000000000000000e+01 1.539999999999999147e+01
1.658316633266533026e+05 1.459999999999999432e+01 4.000000000000000083e-02 1.500000000000000000e+01 1.539999999999999147e+01
1.663326653306613443e+05 1.459999999999999432e+01 -4.000000000000000083e-02 1.500000000000000000e+01 1.539999999999999147e+01
1.668336673346693569e+05 1.459999999999999432e+01 4.000000000000000083e-02 1.500000000000000000e+01 1.539999999999999147e+01
1.673346693386773695e+05 1.459999999999999432e+01 4.000000000000000083e-02 1.500000000000000000e+01 1.539999999999999147e+01
1.678356713426853821e+05 1.459999999999999432e+01 -4.000000000000000083e-02 1.500000000000000000e+01 1.539999999999999147e+01
1.683366733466933947e+05 1.459999999999999432e+01 4.000000000000000083e-02 1.500000000000000000e+01 1.539999999999999147e+01
1.688376753507014073e+05 1.459999999999999432e+01 -4.000000000000000083e-02 1.500000000000000000e+01 1.539999999999999147e+01
1.693386773547094199e+05 1.459999999999999432e+01 4.000000000000000083e-02 1.500000000000000000e+01 1.539999999999999147e+01
1.698396793587174325e+05 1.459999999999999432e+01 4.000000000000000083e-02 1.500000000000000000e+01 1.539999999999999147e+01
1.703406813627254742e+05 1.459999999999999432e+01 -4.000000000000000083e-02 1.500000000000000000e+01 1.539999999999999147e+01
1.708416833667334868e+05 1.459999999999999432e+01 -1.199999999999999956e-01 1.500000000000000000e+01 1.539999999999999147e+01
1.713426853707414994e+05 1.459999999999999432e+01 4.000000000000000083e-02 1.500000000000000000e+01 1.539999999999999147e+01
1.718436873747495119e+05 1.459999999999999432e+01 4.000000000000000083e-02 1.500000000000000000e+01 1.539999999999999147e+01
1.723446893787575245e+05 1.459999999999999432e+01 4.000000000000000083e-02 1.500000000000000000e+01 1.539999999999999147e+01
1.728456913827655371e+05 1.459999999999999432e+01 -4.000000000000000083e-02 1.500000000000000000e+01 1.539999999999999147e+01
1.733466933867735497e+05 1.459999999999999432e+01 4.000000000000000083e-02 1.500000000000000000e+01 1.539999999999999147e+01
1.738476953907815623e+05 1.459999999999999432e+01 4.000000000000000083e-02 1.500000000000000000e+01 1.539999999999999147e+01
1.743486973947895749e+05 1.459999999999999432e+01 4.000000000000000083e-02 1.500000000000000000e+01 1.539999999999999147e+01
1.748496993987976166e+05 1.459999999999999432e+01 4.000000000000000083e-02 1.500000000000000000e+01 1.539999999999999147e+01
1.753507014028056292e+05 1.459999999999999432e+01 4.000000000000000083e-02 1.500000000000000000e+01 1.539999999999999147e+01
1.758517034068136418e+05 1.459999999999999432e+01 -4.000000000000000083e-02 1.500000000000000000e+01 1.539999999999999147e+01
1.763527054108216544e+05 1.459999999999999432e+01 4.000000000000000083e-02 1.500000000000000000e+01 1.539999999999999147e+01
1.768537074148296670e+05 1.459999999999999432e+01 4.000000000000000083e-02 1.500000000000000000e+01 1.539999999999999147e+01
1.773547094188376796e+05 1.459999999999999432e+01 4.000000000000000083e-02 1.500000000000000000e+01 1.539999999999999147e+01
1.778557114228456921e+05 1.459999999999999432e+01 4.000000000000000083e-02 1.500000000000000000e+01 1.539999999999999147e+01
1.783567134268537047e+05 1.459999999999999432e+01 -1.199999999999999956e-01 1.500000000000000000e+01 1.539999999999999147e+01
1.788577154308617464e+05 1.459999999999999432e+01 4.000000000000000083e-02 1.500000000000000000e+01 1.539999999999999147e+01
1.793587174348697590e+05 1.459999999999999432e+01 4.000000000000000083e-02 1.500000000000000000e+01 1.539999999999999147e+01
1.798597194388777716e+05 1.459999999999999432e+01 4.000000000000000083e-02 1.500000000000000000e+01 1.539999999999999147e+01
1.803607214428857842e+05 1.459999999999999432e+01 4.000000000000000083e-02 1.500000000000000000e+01 1.539999999999999147e+01
1.808617234468937968e+05 1.459999999999999432e+01 4.000000000000000083e-02 1.500000000000000000e+01 1.539999999999999147e+01
1.813627254509018094e+05 1.459999999999999432e+01 4.000000000000000083e-02 1.500000000000000000e+01 1.539999999999999147e+01
1.818637274549098220e+05 1.459999999999999432e+01 -4.000000000000000083e-02 1.500000000000000000e+01 1.539999999999999147e+01
1.823647294589178346e+05 1.459999999999999432e+01 -4.000000000000000083e-02 1.500000000000000000e+01 1.539999999999999147e+01
1.828657314629258472e+05 1.459999999999999432e+01 4.000000000000000083e-02 1.500000000000000000e+01 1.539999999999999147e+01
1.833667334669338888e+05 1.459999999999999432e+01 -1.199999999999999956e-01 1.500000000000000000e+01 1.539999999999999147e+01
1.838677354709419014e+05 1.459999999999999432e+01 4.000000000000000083e-02 1.500000000000000000e+01 1.539999999999999147e+01
1.843687374749499140e+05 1.459999999999999432e+01 4.000000000000000083e-02 1.500000000000000000e+01 1.539999999999999147e+01
1.848697394789579266e+05 1.459999999999999432e+01 4.000000000000000083e-02 1.500000000000000000e+01 1.539999999999999147e+01
1.853707414829659392e+05 1.459999999999999432e+01 4.000000000000000083e-02 1.500000000000000000e+01 1.539999999999999147e+01
1.858717434869739518e+05 1.459999999999999432e+01 -1.199999999999999956e-01 1.500000000000000000e+01 1.539999999999999147e+01
1.863727454909819644e+05 1.459999999999999432e+01 4.000000000000000083e-02 1.500000000000000000e+01 1.539999999999999147e+01
1.868737474949899770e+05 1.459999999999999432e+01 -4.000000000000000083e-02 1.500000000000000000e+01 1.539999999999999147e+01
1.873747494989980187e+05 1.459999999999999432e+01 4.000000000000000083e-02 1.500000000000000000e+01 1.539999999999999147e+01
1.878757515030060313e+05 1.459999999999999432e+01 -4.000000000000000083e-02 1.500000000000000000e+01 1.539999999999999147e+01
1.883767535070140439e+05 1.459999999999999432e+01 -1.199999999999999956e-01 1.500000000000000000e+01 1.539999999999999147e+01
1.888777555110220565e+05 1.459999999999999432e+01 4.000000000000000083e-02 1.500000000000000000e+01 1.539999999999999147e+01
1.893787575150300690e+05 1.459999999999999432e+01 4.000000000000000083e-02 1.500000000000000000e+01 1.539999999999999147e+01
1.898797595190380816e+05 1.459999999999999432e+01 -4.000000000000000083e-02 1.500000000000000000e+01 1.539999999999999147e+01
1.903807615230460942e+05 1.459999999999999432e+01 4.000000000000000083e-02 1.500000000000000000e+01 1.539999999999999147e+01
1.908817635270541068e+05 1.459999999999999432e+01 4.000000000000000083e-02 1.500000000000000000e+01 1.539999999999999147e+01
1.913827655310621485e+05 1.459999999999999432e+01 4.000000000000000083e-02 1.500000000000000000e+01 1.539999999999999147e+01
1.918837675350701611e+05 1.459999999999999432e+01 4.000000000000000083e-02 1.500000000000000000e+01 1.539999999999999147e+01
1.923847695390781737e+05 1.459999999999999432e+01 -1.199999999999999956e-01 1.500000000000000000e+01 1.539999999999999147e+01
1.928857715430861863e+05 1.459999999999999432e+01 4.000000000000000083e-02 1.500000000000000000e+01 1.539999999999999147e+01
1.933867735470941989e+05 1.459999999999999432e+01 -4.000000000000000083e-02 1.500000000000000000e+01 1.539999999999999147e+01
1.938877755511022115e+05 1.459999999999999432e+01 4.000000000000000083e-02 1.500000000000000000e+01 1.539999999999999147e+01
1.943887775551102241e+05 1.459999999999999432e+01 -4.000000000000000083e-02 1.500000000000000000e+01 1.539999999999999147e+01
1.948897795591182366e+05 1.459999999999999432e+01 4.000000000000000083e-02 1.500000000000000000e+01 1.539999999999999147e+01
1.953907815631262492e+05 1.459999999999999432e+01 4.000000000000000083e-02 1.500000000000000000e+01 1.539999999999999147e+01
1.958917835671342909e+05 1.459999999999999432e+01 -4.000000000000000083e-02 1.500000000000000000e+01 1.539999999999999147e+01
1.963927855711423035e+05 1.459999999999999432e+01 4.000000000000000083e-02 1.500000000000000000e+01 1.539999999999999147e+01
1.968937875751503161e+05 1.459999999999999432e+01 4.000000000000000083e-02 1.500000000000000000e+01 1.539999999999999147e+01
1.973947895791583287e+05 1.459999999999999432e+01 4.000000000000000083e-02 1.500000000000000000e+01 1.539999999999999147e+01
1.978957915831663413e+05 1.459999999999999432e+01 4.000000000000000083e-02 1.500000000000000000e+01 1.539999999999999147e+01
1.983967935871743539e+05 1.459999999999999432e+01 -1.199999999999999956e-01 1.500000000000000000e+01 1.539999999999999147e+01
1.988977955911823665e+05 1.459999999999999432e+01 4.000000000000000083e-02 1.500000000000000000e+01 1.539999999999999147e+01
1.993987975951903791e+05 1.459999999999999432e+01 4.000000000000000083e-02 1.500000000000000000e+01 1.539999999999999147e+01
1.998997995991984208e+05 1.459999999999999432e+01 -4.000000000000000083e-02 1.500000000000000000e+01 1.539999999999999147e+01
2.004008016032064334e+05 1.459999999999999432e+01 4.000000000000000083e-02 1.500000000000000000e+01 1.539999999999999147e+01
2.009018036072144459e+05 1.459999999999999432e+01 4.000000000000000083e-02 1.500000000000000000e+01 1.539999999999999147e+01
2.014028056112224585e+05 1.459999999999999432e+01 4.000000000000000083e-02 1.500000000000000000e+01 1.539999999999999147e+01
2.019038076152304711e+05 1.459999999999999432e+01 4.000000000000000083e-02 1.500000000000000000e+01 1.539999999999999147e+01
2.024048096192384837e+05 1.459999999999999432e+01 -4.000000000000000083e-02 1.500000000000000000e+01 1.539999999999999147e+01
2.029058116232464963e+05 1.459999999999999432e+01 4.000000000000000083e-02 1.500000000000000000e+01 1.539999999999999147e+01
2.034068136272545089e+05 1.459999999999999432e+01 -4.000000000000000083e-02 1.500000000000000000e+01 1.539999999999999147e+01
2.039078156312625215e+05 1.459999999999999432e+01 4.000000000000000083e-02 1.500000000000000000e+01 1.539999999999999147e+01
2.044088176352705632e+05 1.459999999999999432e+01 -4.000000000000000083e-02 1.500000000000000000e+01 1.539999999999999147e+01
2.049098196392785758e+05 1.459999999999999432e+01 -4.000000000000000083e-02 1.500000000000000000e+01 1.539999999999999147e+01
2.054108216432865884e+05 1.459999999999999432e+01 -4.000000000000000083e-02 1.500000000000000000e+01 1.539999999999999147e+01
2.059118236472946010e+05 1.459999999999999432e+01 -4.000000000000000083e-02 1.500000000000000000e+01 1.539999999999999147e+01
2.064128256513026136e+05 1.459999999999999432e+01 -4.000000000000000083e-02 1.500000000000000000e+01 1.539999999999999147e+01
2.069138276553106261e+05 1.459999999999999432e+01 4.000000000000000083e-02 1.500000000000000000e+01 1.539999999999999147e+01
2.074148296593186387e+05 1.459999999999999432e+01 4.000000000000000083e-02 1.500000000000000000e+01 1.539999999999999147e+01
2.079158316633266513e+05 1.459999999999999432e+01 -4.000000000000000083e-02 1.500000000000000000e+01 1.539999999999999147e+01
2.084168336673346930e+05 1.459999999999999432e+01 -4.000000000000000083e-02 1.500000000000000000e+01 1.539999999999999147e+01
2.089178356713427056e+05 1.459999999999999432e+01 -4.000000000000000083e-02 1.500000000000000000e+01 1.539999999999999147e+01
2.094188376753507182e+05 1.459999999999999432e+01 -4.000000000000000083e-02 1.500000000000000000e+01 1.539999999999999147e+01
2.099198396793587308e+05 1.459999999999999432e+01 4.000000000000000083e-02 1.500000000000000000e+01 1.539999999999999147e+01
2.104208416833667434e+05 1.459999999999999432e+01 4.000000000000000083e-02 1.500000000000000000e+01 1.539999999999999147e+01
2.109218436873747560e+05 1.459999999999999432e+01 -4.000000000000000083e-02 1.500000000000000000e+01 1.539999999999999147e+01
2.114228456913827686e+05 1.459999999999999432e+01 -4.000000000000000083e-02 1.500000000000000000e+01 1.539999999999999147e+01
2.119238476953907812e+05 1.459999999999999432e+01 4.000000000000000083e-02 1.500000000000000000e+01 1.539999999999999147e+01
2.124248496993988228e+05 1.459999999999999432e+01 -4.000000000000000083e-02 1.500000000000000000e+01 1.539999999999999147e+01
2.129258517034068354e+05 1.459999999999999432e+01 -4.000000000000000083e-02 1.500000000000000000e+01 1.539999999999999147e+01
2.134268537074148480e+05 1.459999999999999432e+01 -4.000000000000000083e-02 1.500000000000000000e+01 1.539999999999999147e+01
2.139278557114228606e+05 1.459999999999999432e+01 -1.199999999999999956e-01 1.500000000000000000e+01 1.539999999999999147e+01
2.144288577154308732e+05 1.459999999999999432e+01 4.000000000000000083e-02 1.500000000000000000e+01 1.539999999999999147e+01
2.149298597194388858e+05 1.459999999999999432e+01 -4.000000000000000083e-02 1.500000000000000000e+01 1.539999999999999147e+01
2.154308617234468984e+05 1.459999999999999432e+01 -4.000000000000000083e-02 1.500000000000000000e+01 1.539999999999999147e+01
2.159318637274549110e+05 1.459999999999999432e+01 4.000000000000000083e-02 1.500000000000000000e+01 1.539999999999999147e+01
2.164328657314629236e+05 1.459999999999999432e+01 -4.000000000000000083e-02 1.500000000000000000e+01 1.539999999999999147e+01
2.169338677354709653e+05 1.459999999999999432e+01 4.000000000000000083e-02 1.500000000000000000e+01 1.539999999999999147e+01
2.174348697394789779e+05 1.459999999999999432e+01 4.000000000000000083e-02 1.500000000000000000e+01 1.539999999999999147e+01
2.179358717434869905e+05 1.459999999999999432e+01 -1.199999999999999956e-01 1.500000000000000000e+01 1.539999999999999147e+01
2.184368737474950030e+05 1.459999999999999432e+01 -4.000000000000000083e-02 1.500000000000000000e+01 1.539999999999999147e+01
2.189378757515030156e+05 1.459999999999999432e+01 -4.000000000000000083e-02 1.500000000000000000e+01 1.539999999999999147e+01
2.194388777555110282e+05 1.459999999999999432e+01 4.000000000000000083e-02 1.500000000000000000e+01 1.539999999999999147e+01
2.199398797595190408e+05 1.459999999999999432e+01 4.000000000000000083e-02 1.500000000000000000e+01 1.539999999999999147e+01
2.204408817635270534e+05 1.459999999999999432e+01 4.000000000000000083e-02 1.500000000000000000e+01 1.539999999999999147e+01
2.209418837675350951e+05 1.459999999999999432e+01 -1.199999999999999956e-01 1.500000000000000000e+01 1.539999999999999147e+01
2.214428857715431077e+05 1.459999999999999432e+01 4.000000000000000083e-02 1.500000000000000000e+01 1.539999999999999147e+01
2.219438877755511203e+05 1.459999999999999432e+01 4.000000000000000083e-02 1.500000000000000000e+01 1.539999999999999147e+01
2.224448897795591329e+05 1.459999999999999432e+01 -1.199999999999999956e-01 1.500000000000000000e+01 1.539999999999999147e+01
2.229458917835671455e+05 1.459999999999999432e+01 4.000000000000000083e-02 1.500000000000000000e+01 1.539999999999999147e+01
2.234468937875751581e+05 1.459999999999999432e+01 -4.000000000000000083e-02 1.500000000000000000e+01 1.539999999999999147e+01
2.239478957915831706e+05 1.459999999999999432e+01 -4.000000000000000083e-02 1.500000000000000000e+01 1.539999999999999147e+01
2.244488977955911832e+05 1.459999999999999432e+01 -4.000000000000000083e-02 1.500000000000000000e+01 1.539999999999999147e+01
2.249498997995991958e+05 1.459999999999999432e+01 4.000000000000000083e-02 1.500000000000000000e+01 1.539999999999999147e+01
2.254509018036072375e+05 1.459999999999999432e+01 -4.000000000000000083e-02 1.500000000000000000e+01 1.539999999999999147e+01
2.259519038076152501e+05 1.459999999999999432e+01 4.000000000000000083e-02 1.500000000000000000e+01 1.539999999999999147e+01
2.264529058116232627e+05 1.459999999999999432e+01 4.000000000000000083e-02 1.500000000000000000e+01 1.539999999999999147e+01
2.269539078156312753e+05 1.459999999999999432e+01 -1.199999999999999956e-01 1.500000000000000000e+01 1.539999999999999147e+01
2.274549098196392879e+05 1.459999999999999432e+01 4.000000000000000083e-02 1.500000000000000000e+01 1.539999999999999147e+01
2.279559118236473005e+05 1.459999999999999432e+01 -4.000000000000000083e-02 1.500000000000000000e+01 1.539999999999999147e+01
2.284569138276553131e+05 1.459999999999999432e+01 -4.000000000000000083e-02 1.500000000000000000e+01 1.539999999999999147e+01
2.289579158316633257e+05 1.459999999999999432e+01 4.000000000000000083e-02 1.500000000000000000e+01 1.539999999999999147e+01
2.294589178356713674e+05 1.459999999999999432e+01 -4.000000000000000083e-02 1.500000000000000000e+01 1.539999999999999147e+01
2.299599198396793799e+05 1.459999999999999432e+01 -4.000000000000000083e-02 1.500000000000000000e+01 1.539999999999999147e+01
2.304609218436873925e+05 1.459999999999999432e+01 4.000000000000000083e-02 1.500000000000000000e+01 1.539999999999999147e+01
2.309619238476954051e+05 1.459999999999999432e+01 4.000000000000000083e-02 1.500000000000000000e+01 1.539999999999999147e+01
2.314629258517034177e+05 1.459999999999999432e+01 4.000000000000000083e-02 1.500000000000000000e+01 1.539999999999999147e+01
2.319639278557114303e+05 1.459999999999999432e+01 4.000000000000000083e-02 1.500000000000000000e+01 1.539999999999999147e+01
2.324649298597194429e+05 1.459999999999999432e+01 4.000000000000000083e-02 1.500000000000000000e+01 1.539999999999999147e+01
2.329659318637274555e+05 1.459999999999999432e+01 4.000000000000000083e-02 1.500000000000000000e+01 1.539999999999999147e+01
2.334669338677354972e+05 1.459999999999999432e+01 4.000000000000000083e-02 1.500000000000000000e+01 1.539999999999999147e+01
2.339679358717435098e+05 1.459999999999999432e+01 -1.199999999999999956e-01 1.500000000000000000e+01 1.539999999999999147e+01
2.344689378757515224e+05 1.459999999999999432e+01 4.000000000000000083e-02 1.500000000000000000e+01 1.539999999999999147e+01
2.349699398797595350e+05 1.459999999999999432e+01 -4.000000000000000083e-02 1.500000000000000000e+01 1.539999999999999147e+01
2.354709418837675476e+05 1.459999999999999432e+01 -4.000000000000000083e-02 1.500000000000000000e+01 1.539999999999999147e+01
2.359719438877755601e+05 1.459999999999999432e+01 -4.000000000000000083e-02 1.500000000000000000e+01 1.539999999999999147e+01
2.364729458917835727e+05 1.459999999999999432e+01 -1.199999999999999956e-01 1.500000000000000000e+01 1.539999999999999147e+01
2.369739478957915853e+05 1.459999999999999432e+01 4.000000000000000083e-02 1.500000000000000000e+01 1.539999999999999147e+01
2.374749498997995979e+05 1.459999999999999432e+01 4.000000000000000083e-02 1.500000000000000000e+01 1.539999999999999147e+01
2.379759519038076396e+05 1.459999999999999432e+01 -4.000000000000000083e-02 1.500000000000000000e+01 1.539999999999999147e+01
2.384769539078156522e+05 1.459999999999999432e+01 -1.199999999999999956e-01 1.500000000000000000e+01 1.539999999999999147e+01
2.389779559118236648e+05 1.459999999999999432e+01 4.000000000000000083e-02 1.500000000000000000e+01 1.539999999999999147e+01
2.394789579158316774e+05 1.459999999999999432e+01 4.000000000000000083e-02 1.500000000000000000e+01 1.539999999999999147e+01
2.399799599198396900e+05 1.459999999999999432e+01 4.000000000000000083e-02 1.500000000000000000e+01 1.539999999999999147e+01
2.404809619238477026e+05 1.459999999999999432e+01 4.000000000000000083e-02 1.500000000000000000e+01 1.539999999999999147e+01
2.409819639278557152e+05 1.459999999999999432e+01 4.000000000000000083e-02 1.500000000000000000e+01 1.539999999999999147e+01
2.414829659318637277e+05 1.459999999999999432e+01 -4.000000000000000083e-02 1.500000000000000000e+01 1.539999999999999147e+01
2.419839679358717694e+05 1.459999999999999432e+01 4.000000000000000083e-02 1.500000000000000000e+01 1.539999999999999147e+01
2.424849699398797820e+05 1.459999999999999432e+01 -4.000000000000000083e-02 1.500000000000000000e+01 1.539999999999999147e+01
2.429859719438877946e+05 1.459999999999999432e+01 -4.000000000000000083e-02 1.500000000000000000e+01 1.539999999999999147e+01
2.434869739478958072e+05 1.459999999999999432e+01 4.000000000000000083e-02 1.500000000000000000e+01 1.539999999999999147e+01
2.439879759519038198e+05 1.459999999999999432e+01 -1.199999999999999956e-01 1.500000000000000000e+01 1.539999999999999147e+01
2.444889779559118324e+05 1.459999999999999432e+01 -4.000000000000000083e-02 1.500000000000000000e+01 1.539999999999999147e+01
2.449899799599198450e+05 1.459999999999999432e+01 4.000000000000000083e-02 1.500000000000000000e+01 1.539999999999999147e+01
2.454909819639278576e+05 1.459999999999999432e+01 4.000000000000000083e-02 1.500000000000000000e+01 1.539999999999999147e+01
2.459919839679358702e+05 1.459999999999999432e+01 4.000000000000000083e-02 1.500000000000000000e+01 1.539999999999999147e+01
2.464929859719439119e+05 1.459999999999999432e+01 4.000000000000000083e-02 1.500000000000000000e+01 1.539999999999999147e+01
2.469939879759519245e+05 1.459999999999999432e+01 4.000000000000000083e-02 1.500000000000000000e+01 1.539999999999999147e+01
2.474949899799599370e+05 1.459999999999999432e+01 -4.000000000000000083e-02 1.500000000000000000e+01 1.539999999999999147e+01
2.479959919839679496e+05 1.459999999999999432e+01 -4.000000000000000083e-02 1.500000000000000000e+01 1.539999999999999147e+01
2.484969939879759622e+05 1.459999999999999432e+01 4.000000000000000083e-02 1.500000000000000000e+01 1.539999999999999147e+01
2.489979959919839748e+05 1.459999999999999432e+01 -4.000000000000000083e-02 1.500000000000000000e+01 1.539999999999999147e+01
2.494989979959919874e+05 1.459999999999999432e+01 4.000000000000000083e-02 1.500000000000000000e+01 1.539999999999999147e+01
2.500000000000000000e+05 1.459999999999999432e+01 4.000000000000000083e-02 1.500000000000000000e+01 1.539999999999999147e+01
